Month,Sales,mR
Jan,10.7,
Feb,13,2.3
Mar,11.4,1.6
Apr,11.5,0.1
May,12.5,1
Jun,14.1,1.6
Jul,14.8,0.7
Aug,14.1,0.7
Sep,12.6,1.5
Oct,16,3.4
Nov,11.7,4.3
Dec,10.6,1.1