Sample,X,mR,Notes
1,5045,,Resistance in Megohms
2,4350,695,
3,4350,0,
4,3975,375,
5,4290,315,
6,4430,140,
7,4485,55,
8,4285,200,
9,3980,305,
10,3925,55,
11,3645,280,
12,3760,115,
13,3300,460,
14,3685,385,
15,3463,222,
16,5200,1737,